Comment block
Comment block
Comment block
Comment block
Comment block
Comment block
Comment block
23f006e1ce8029246021e3c2eb38c2afbc01173845030146d7e337640c20b27f 2 2 4662 0
bd3aca064630f7608085bb55070a73a24b25a77699066563b96e3c9ac125df65 42 35 793 251
e05dfc8d4b04de3f4870900435b6613be243b9861519c3160c55ae1b9618afb7 19 7 2943 18
a858e07295e4fc72be7a1298ac8d467c5ffe2ca03e3373f8a1796304b96f28c3 5 5 1040 3
36852e95eba2128dc3b10d88339b279bca4e5fe8754c722b4afdf922ecc39edc 37 13 10086 6044
e1ea6ba105a3747cfbb9c09d8115af07650645649e4c3685187ad3ed323b8544 9 8 1519 1243
c3a912ea53abf475ea4404a57b83344daa48bbe7adedf1e382ede5449a3aaf5b 6 3 672 327
72493ec25d3a68aed607af4474fb0e754ec5437fc6e82cd19ff4e19709519915 5 5 1497 44
17cdefe20fc92d9449e27e5be83d5919bb3495454e8d35f32e4f558b0f14e2b3 12 0 0 0
f7cf36c46423025ffa7b19ee57e0e638ca974435a10c9bc76c46f24d7134a7a7 11 11 15072 1578
d655ceba10b3c5c82f0c5b3b19eefb984f17d3f581a80df61b9fa201dfe46df1 7 2 371 24
61add148b19e8339c35a649f68aa5fd3887c2b44d5c334db01874a75a21fd069 5 5 521 192
0da83f567f9c3b85d67b3d83333987752d019085ab298094c293567d83a29ccd 5 5 732 259
6b81fb061f361e9f5d87d7eb503af952ff6962224b2ba25b2abd0f1360f9838f 67 24 14895 3477
f521a779d995b61c79b6f4a7012cfa67258cacb491f20cc7db0298edc9b59ee4 6 6 13722 123
4d8e4d059aa9fcfe4c1becc4fe938e7df7d4e99f385668a2e6831cfba4166153 5 5 1492 11
4dc1b25b41abc7e21dc80e6ecdf9dc071205e721fc1b0d1d0231ee36fd82be16 10 10 7925 1475
32b0c253401bc02c7399b8f79933b49e7484cc2f68239e9e7a041e5a086dd8ba 3 3 1027 10
4651234fb96b10744329628dc6daaa67f08af2ec63bde8d29994b7bfc6855903 1 1 1 0
9c9a3a529927d1ef2e71eb57bed81cd1ec50cb9c6be7dcde5138beacac38f854 4 2 5 3
032e6fa536c5b2a626d35a89984ec5414c8ae41fc02249f7f8737d240ae97128 4 4 873 2
dbb2d1ac572da04eec4af1ee9778db326354451f405350f31a229634c61092ae 6 6 972 48
fc7aa263072e76a0b94e8ef15c0c0e004ccef5992efbcf3f268a55a72b36d34b 6 6 6761 181
94360c5ec6dc12a4527ed48bc5618a96ee2b82203e00d751b0d23e824138caa3 2 2 7530 155
484d58abe4c6f02fa8022f3bd052c7017424ba71c407049e65fbc3aa2c02acf2 33 33 31014 3805
